----------------------------------------------------------------------------------------------------------------------------------------------------------------

[array([[-0.13536748,  0.4654345 , -0.03812087, -0.5492542 , -0.22635743,
        -0.05573332, -0.17102325, -0.20870349, -0.4524454 ],
       [-0.11797577, -0.2688777 ,  0.22500682,  0.5728224 , -0.48183933,
         0.2084806 , -0.399913  ,  0.13617676,  0.2372812 ],
       [-0.0645076 ,  0.5370844 ,  0.6104464 ,  0.6027326 , -0.40237045,
         0.18350738, -0.5067645 ,  0.03386933, -0.61427426],
       [-0.01136106,  0.18754685,  0.01929694, -0.33427903, -0.01199013,
        -0.33952966, -0.25828838, -0.4368161 ,  0.23259544],
       [-0.2651484 , -0.33564758, -0.429661  , -0.17914566,  0.39907473,
        -0.2690344 , -0.6302709 ,  0.5263937 ,  0.26306266],
       [ 0.57240266,  0.3887815 ,  0.3182649 ,  0.5872939 , -0.5043149 ,
         0.06750542,  0.49950856,  0.2842911 , -0.3811562 ]],
      dtype=float32), array([ 0.07083715,  0.06088917,  0.01073633,  0.02309542,  0.1091751 ,
       -0.0357045 , -0.05348786,  0.01239527, -0.06813621], dtype=float32), array([[ 0.30958128, -0.24474284, -0.12434298, -0.35482708,  0.44732505,
        -0.58247375],
       [-0.4878302 ,  0.31828618, -0.0429796 , -0.30096173, -0.27662027,
        -0.14560696],
       [-0.201435  , -0.22022605, -0.5423325 ,  0.27610803, -0.57488334,
         0.2402181 ],
       [-0.560153  ,  0.14610034,  0.04836625,  0.02921569,  0.49799353,
         0.11467457],
       [-0.00988346, -0.48569155, -0.37697032, -0.56320184,  0.17980021,
        -0.6205777 ],
       [-0.18132213, -0.27428517,  0.2956105 , -0.34390813, -0.5119352 ,
         0.5318869 ],
       [-0.12465048, -0.10846716,  0.36765438,  0.40972704,  0.07482731,
        -0.0411638 ],
       [ 0.47930235, -0.0580588 ,  0.08612847, -0.10960639, -0.48073268,
        -0.04649341],
       [-0.49943072,  0.30865365,  0.0286994 ,  0.5872131 ,  0.286691  ,
         0.12542462]], dtype=float32), array([-0.00157877, -0.06634983,  0.00429678, -0.0785697 , -0.02024126,
       -0.09747206], dtype=float32), array([[ 0.67602396],
       [-0.1760683 ],
       [ 0.04368961],
       [ 0.22908676],
       [-0.91138244],
       [ 0.40544116]], dtype=float32), array([-0.0595317], dtype=float32), array([[-0.84662384],
       [-0.7111423 ],
       [ 0.8642564 ],
       [ 0.6855861 ],
       [-0.77865124],
       [ 0.4338237 ]], dtype=float32), array([-0.01254509], dtype=float32)]

----------------------------------------------------------------------------------------------------------------------------------------------------------------


[array([[-0.49913877, -0.54983664,  0.14494246, -0.10634255,  0.4367501 ,
         0.5554263 ,  0.16697681, -0.04788625, -0.14364657],
       [-0.5350696 ,  0.204813  ,  0.50244874,  0.30852365, -0.13576874,
         0.45499772, -0.00102901, -0.38801605,  0.34441042],
       [-0.36853078,  0.06739146,  0.5699833 ,  0.31379807,  0.16301423,
         0.02313513,  0.28802568, -0.46296716,  0.43223554],
       [-0.40848207,  0.44201702, -0.10103989,  0.41982096, -0.11459267,
         0.15369773, -0.57405084,  0.39665014, -0.35401416],
       [ 0.04067206, -0.18848252, -0.20803505, -0.50028265,  0.55552286,
         0.04481214, -0.0311693 , -0.3719831 , -0.59436184],
       [-0.3572115 ,  0.04332864,  0.16310382, -0.04652703,  0.51869315,
        -0.51649296,  0.2836802 ,  0.2747481 ,  0.14585125]],
      dtype=float32), array([-0.00360089,  0.11422553, -0.00272015,  0.01867194,  0.00813089,
        0.00855782,  0.00538848,  0.06553765, -0.01220057], dtype=float32), array([[-0.37035745,  0.11782229, -0.23477629, -0.378325  ,  0.34502727,
        -0.31104362],
       [-0.09044093, -0.08343905,  0.28459448,  0.3849948 ,  0.43691772,
        -0.41245824],
       [ 0.521792  ,  0.00824392, -0.2256074 ,  0.14216536,  0.23432314,
        -0.13029402],
       [ 0.53008753, -0.30299014, -0.59747034,  0.28325468, -0.54016757,
         0.51575226],
       [ 0.16582131, -0.31101424,  0.5886418 , -0.35509637,  0.6125701 ,
        -0.15662664],
       [ 0.04480112, -0.48173094,  0.49677378,  0.17737901,  0.54183847,
         0.48986   ],
       [ 0.47755045, -0.47907144,  0.575862  ,  0.11455619,  0.2243337 ,
        -0.18733606],
       [-0.32583258, -0.35288867,  0.518593  , -0.17308784, -0.02399373,
        -0.17213938],
       [-0.4557335 , -0.3734622 , -0.27602616, -0.04624581, -0.1402098 ,
         0.47192913]], dtype=float32), array([-0.01482993, -0.01584697,  0.0179486 ,  0.06717511,  0.06243191,
        0.03676812], dtype=float32), array([[ 0.5580331 ],
       [ 0.18429685],
       [-0.45531133],
       [ 0.89581084],
       [-0.3152902 ],
       [-0.71381474]], dtype=float32), array([0.02892617], dtype=float32), array([[ 0.00941825],
       [-0.8860319 ],
       [-0.20655972],
       [ 0.66094816],
       [ 0.01087946],
       [-0.84583163]], dtype=float32), array([-0.08481748], dtype=float32)]


----------------------------------------------------------------------------------------------------------------------------------------------------------------

[array([[ 0.3034048 ,  0.25006223,  0.317872  ,  0.58380824,  0.3272696 ,
         0.16722137,  0.0172165 ,  0.47760385, -0.6177646 ],
       [ 0.5361807 ,  0.570648  , -0.4192623 ,  0.5357211 , -0.55473083,
        -0.03044826, -0.1275096 , -0.11744893,  0.51495856],
       [ 0.07641453,  0.20098281,  0.08507025,  0.00523901, -0.5044042 ,
        -0.0468176 ,  0.61053187, -0.6081669 ,  0.61239785],
       [-0.14990598,  0.40377468,  0.00194204,  0.23224545,  0.17692089,
        -0.29226014, -0.5135553 ,  0.3853094 ,  0.03437889],
       [-0.02740198, -0.4009037 , -0.31208092, -0.29016688, -0.16122949,
         0.04445624, -0.53243786,  0.45247537,  0.4225275 ],
       [ 0.5584895 , -0.45711383, -0.02001834,  0.59700745,  0.4198553 ,
         0.30261904,  0.2787419 ,  0.27189875, -0.1618824 ]],
      dtype=float32), array([-0.01093529, -0.08997259,  0.02980703,  0.04213735,  0.05752197,
       -0.01035236, -0.02565314,  0.05604747, -0.03997379], dtype=float32), array([[ 0.18610263, -0.35917205, -0.44926932,  0.542839  , -0.19151098,
         0.25960463],
       [-0.47091722,  0.5941376 , -0.48144427,  0.34576887, -0.12807804,
         0.28349578],
       [-0.5261605 ,  0.20576233,  0.03412527,  0.3923424 ,  0.29454035,
         0.48173624],
       [-0.09339172,  0.4855364 , -0.00488484, -0.19071418,  0.04299766,
         0.03119934],
       [ 0.03938627,  0.13484383,  0.4583823 , -0.31017372,  0.3796453 ,
        -0.54553115],
       [-0.3544157 ,  0.26524037, -0.34170857,  0.5348303 ,  0.38387662,
        -0.24773616],
       [-0.320529  ,  0.47081   ,  0.52850753,  0.3605216 , -0.426274  ,
        -0.16490272],
       [-0.06182009,  0.22813779,  0.1984883 ,  0.27118826, -0.00663865,
         0.5899208 ],
       [-0.06859714,  0.42245823,  0.2757421 , -0.03784132,  0.41929406,
        -0.5369484 ]], dtype=float32), array([-0.0551273 , -0.06990189,  0.01463193,  0.06932157,  0.04132394,
       -0.02982497], dtype=float32), array([[ 0.6295705 ],
       [ 0.7849256 ],
       [-0.14864582],
       [-0.27823138],
       [-0.853264  ],
       [-0.04766637]], dtype=float32), array([-0.04204425], dtype=float32), array([[-0.8419993 ],
       [-0.770234  ],
       [-0.36586958],
       [ 0.6843716 ],
       [ 0.04071879],
       [ 0.06060898]], dtype=float32), array([-0.01693446], dtype=float32)]


----------------------------------------------------------------------------------------------------------------------------------------------------------------


[array([[ 0.5365303 ,  0.03394175, -0.12264347, -0.36171663,  0.37383717,
        -0.19074723,  0.35249072, -0.0327419 ,  0.4421454 ],
       [-0.11389208,  0.01868385,  0.16438097,  0.14776897, -0.00895357,
        -0.4478709 , -0.32505587, -0.4564481 , -0.20094103],
       [-0.09843814,  0.1336357 , -0.02339762, -0.44984096,  0.11652696,
        -0.597035  ,  0.26832777,  0.5324351 ,  0.0563454 ],
       [-0.10342538, -0.5836897 ,  0.585329  , -0.17102143, -0.30345908,
         0.531426  , -0.4847123 , -0.19097099, -0.31890383],
       [-0.19819695,  0.07420909, -0.0257073 , -0.42377675,  0.6146268 ,
        -0.36457032, -0.5483532 , -0.51324934, -0.5873653 ],
       [ 0.35972548,  0.01901996, -0.44490397,  0.1349563 ,  0.01719797,
        -0.6239783 , -0.4379223 , -0.4828481 ,  0.57412165]],
      dtype=float32), array([ 0.01220664, -0.08392475,  0.01050666,  0.01902928,  0.07454839,
        0.08256823, -0.07744639,  0.0487147 ,  0.02661139], dtype=float32), array([[-3.4890738e-01, -1.4318877e-01, -2.6780847e-01, -1.4021295e-01,
         2.6472694e-01,  3.5782856e-01],
       [-5.5502832e-01,  1.9224006e-01,  1.3028967e-01,  3.1810236e-01,
         4.0115052e-01, -6.3837647e-02],
       [-6.2105632e-01,  3.9474231e-01, -4.5472038e-01, -7.5078547e-02,
        -3.4233087e-01,  1.7423719e-01],
       [-4.9281681e-01, -2.2599071e-01, -5.0561064e-01,  6.4402223e-03,
         3.1948555e-01, -4.4282085e-01],
       [ 4.8342568e-01, -2.5911683e-01,  3.0601424e-01,  4.5571011e-01,
        -3.6569309e-01, -4.2801076e-01],
       [-5.1402420e-01,  6.5540075e-02, -4.2052531e-01, -2.3652968e-01,
         2.6832551e-01, -5.1177859e-02],
       [ 5.4625243e-01, -5.3483248e-04,  5.2910191e-01, -1.6664115e-01,
        -4.7825885e-01,  3.0780274e-01],
       [-2.2848904e-02, -3.7746444e-01,  2.0217615e-01,  4.7551447e-01,
        -4.7986475e-01,  3.9432687e-01],
       [ 6.0476977e-01,  5.9439391e-01, -1.5338513e-01,  5.6357366e-01,
         4.8165911e-01, -5.2846396e-01]], dtype=float32), array([-0.08106241, -0.00031101, -0.02125991, -0.01492811,  0.01303594,
        0.01315155], dtype=float32), array([[-0.4473239 ],
       [ 0.3499465 ],
       [-0.7042548 ],
       [ 0.85228324],
       [ 0.71505415],
       [-0.6881071 ]], dtype=float32), array([-0.06412829], dtype=float32), array([[-0.8750412 ],
       [ 0.35215342],
       [-0.335244  ],
       [-0.582634  ],
       [ 0.08527386],
       [-0.19013298]], dtype=float32), array([0.04761083], dtype=float32)]



----------------------------------------------------------------------------------------------------------------------------------------------------------------

[
            np.array([
                [0.3034048, 0.25006223, 0.317872, 0.58380824, 0.3272696, 0.16722137, 0.0172165, 0.47760385, -0.6177646],
                [0.5361807, 0.570648, -0.4192623, 0.5357211, -0.55473083,-0.03044826, -0.1275096, -0.11744893, 0.51495856],
                [0.07641453, 0.20098281, 0.08507025, 0.00523901, -0.5044042,-0.0468176, 0.61053187, -0.6081669, 0.61239785],
                [-0.14990598, 0.40377468, 0.00194204, 0.23224545, 0.17692089,-0.29226014, -0.5135553, 0.3853094, 0.03437889],
                [-0.02740198, -0.4009037, -0.31208092, -0.29016688, -0.16122949, 0.04445624, -0.53243786, 0.45247537, 0.4225275],
                [0.5584895, -0.45711383, -0.02001834, 0.59700745, 0.4198553,0.30261904, 0.2787419, 0.27189875, -0.1618824]
            ], dtype='float32'),
            np.array([-0.01093529, -0.08997259, 0.02980703, 0.04213735, 0.05752197,-0.01035236, -0.02565314, 0.05604747, -0.03997379], dtype='float32'),

            np.array([
                [0.18610263, -0.35917205, -0.44926932, 0.542839, -0.19151098,0.25960463],
                [-0.47091722, 0.5941376, -0.48144427, 0.34576887, -0.12807804,0.28349578],
                [-0.5261605, 0.20576233, 0.03412527, 0.3923424, 0.29454035,0.48173624],
                [-0.09339172, 0.4855364, -0.00488484, -0.19071418, 0.04299766,0.03119934],
                [0.03938627, 0.13484383, 0.4583823, -0.31017372, 0.3796453,-0.54553115],
                [-0.3544157, 0.26524037, -0.34170857, 0.5348303, 0.38387662,-0.24773616],
                [-0.320529, 0.47081, 0.52850753, 0.3605216, -0.426274,-0.16490272],
                [-0.06182009, 0.22813779, 0.1984883, 0.27118826, -0.00663865,0.5899208],
                [-0.06859714, 0.42245823, 0.2757421, -0.03784132, 0.41929406,-0.5369484]
            ], dtype='float32'),
            np.array([-0.0551273, -0.06990189, 0.01463193, 0.06932157, 0.04132394,-0.02982497], dtype='float32'),

            np.array([
                [0.6295705],
                [0.7849256],
                [-0.14864582],
                [-0.27823138],
                [-0.853264],
                [-0.04766637]
            ], dtype='float32'),
            np.array([-0.04204425], dtype='float32'),

            np.array([
                [-0.8419993],
                [-0.770234],
                [-0.36586958],
                [0.6843716],
                [0.04071879],
                [0.06060898]
            ], dtype='float32'),
            np.array([-0.01693446], dtype='float32')
        ]